02888
03276
05009
05303
05352
06013
06443
08535
08558
09034
09892
10007
11372
11432
11598
11766
12421
12919
13479
13755
14779
15068
18330
21009
22003
22201
22240
22849
23190
23630
24301
24340
25134
25428
25831
26105
26435
27809
28546
28606
28667
29661
29717
30173
30757
31779
32081
32204
32605
32773
32920
33110
33781
34614
34951
35206
36877
37080
38324
38748
39767
40268
40979
42082
43782
44430
44662
44678
44903
45177
45805
46160
46784
46946
47146
47163
48237
49629
50936
51046
52561
52660
52726
53577
54656
54981
55328
55485
55716
56335
57022
58401
59247
59635
60033
60480
61777
62639
63648
65728
66735
66758
67228
68182
70448
70669
70744
71612
73145
73502
73654
74421
75157
75802
76504
77054
77268
77413
77979
78223
78241
78729
79904
80420
80535
81020
84157
88122
91413
91979
92518
93407
93656
94236
94507
97056
98624
98843